[(19, 111), (215, 111), 14.0][(215, 42), (19, 42), 2][(197, 75), (69, 139), 2][(142, 163), (197, 75), 5.8][(142, 163), (69, 139), 2][(19, 111), (19, 42), 2][(215, 42), (215, 111), 2][(58, 145), (97, 145), 6.0][(97, 126), (58, 126), 2][(58, 145), (58, 126), 2][(97, 126), (97, 145), 2]
[(13, 137), (20, 16), 6.0][(119, 149), (18, 96), 2][(18, 96), (120, 127), 8.3][(147, 202), (87, 156), 2][(119, 149), (120, 127), 2.0][(98, 145), (98, 158), 2][(95, 158), (95, 145), 2][(98, 145), (95, 145), 2][(95, 158), (98, 158), 4.0]
[(59, 200), (59, 31), 2][(24, 31), (24, 200), 4.0][(191, 97), (152, 144), 2][(122, 182), (64, 196), 2][(59, 200), (24, 200), 2][(24, 31), (59, 31), 4.0]
[(2, 210), (204, 210), 12.0][(204, 24), (2, 24), 2][(2, 210), (2, 24), 2][(204, 24), (204, 210), 10.0][(103, 50), (103, 175), 10.0][(22, 175), (22, 50), 6.0][(103, 50), (22, 50), 2][(22, 175), (103, 175), 4.0]
[(92, 218), (92, 72), 4.0][(45, 72), (45, 218), 12.0][(223, 52), (118, 28), 2][(145, 18), (57, 18), 2][(57, 74), (145, 74), 4.0][(118, 28), (169, 96), 6.8][(223, 52), (169, 96), 2][(145, 18), (145, 74), 2][(57, 74), (57, 18), 2][(92, 218), (45, 218), 2][(45, 72), (92, 72), 6.0]
[(96, 2), (213, 215), 18.3][(45, 14), (181, 98), 8.8][(57, 126), (165, 11), 10.3][(52, 112), (165, 11), 6.0][(222, 17), (110, 42), 2][(143, 64), (108, 160), 2][(57, 126), (52, 112), 2]
[(66, 126), (50, 29), 2][(97, 78), (30, 78), 2][(30, 72), (97, 72), 6.0][(55, 80), (50, 29), 2][(66, 126), (55, 80), 2][(97, 78), (97, 72), 2][(30, 72), (30, 78), 2]
[(14, 94), (114, 94), 8.0][(114, 133), (14, 133), 2][(14, 94), (14, 133), 2][(114, 133), (114, 94), 2]
[(42, 214), (218, 8), 15.2][(42, 214), (84, 39), 7.8][(84, 39), (218, 8), 7.8][(188, 70), (60, 112), 2][(140, 105), (170, 206), 5.3]
[(203, 18), (203, 174), 10.0][(203, 18), (47, 18), 2][(47, 174), (203, 174), 8.0][(47, 174), (47, 18), 6.0][(169, 59), (103, 24), 2][(125, 60), (169, 59), 4.0][(125, 60), (103, 24), 2]
